10111010101011100011000100110000001011010011000000110001010101111110001110000000100000100101010011111011

11111010100011100011000100110000001011010011000100110000010101111100001110000010100000100101010011111011

10111010100011100011000100110000001011010011000100110000010001111110001110000000100000000111010011111011

10111010100011100001001100110000001011010011000100110000010101101110001110000000100000100101010011111011

10111010100011100011000100110000001011010011000100110000010101111110001110000000100001100101010011111001

10111010100011100011000101110000001011010011000100110000010101111110001110000001100000100101010011011011

10111010100011100011000100110000001011010011000100110000010101111110001110001000100000100101010011111011

00111010100011100011000100010000001011010011000000110000010101111110001110000000100000100101010011111011

10111010100011100011000100110000001011010011000100010000010101111010001110000000100000100101010011111011

10111010100011100011000100101000001011010011000100110000010101111110001111000000100000100101010011111011

